# --------------------------------------------------------------------------
# This file is part of "A Genetic Approach to the 2D Cutting Stock Problem".
#
# (c) Fábio Santos <ffsantos92@gmail.com>
# (c) André Tiago <andretiago244@gmail.com>
#
# For the full copyright and license information, please view the LICENSE
# file that was distributed with this txt.
# --------------------------------------------------------------------------
#
# Problem4
#
# Total of pieces
42
# Stock material length
6
# P1
2 1
1
1
# P2
2 2
1 1
1 1
# P3
2 3
1 1 1
1 1 1
# P4
2 2
1 1
1 1
# P5
2 2
1 1
1 1
# P6
2 4
1 1 1 1
1 1 1 1
# P7
1 3
1 1 1
# P8
8 2
1 1
1 1
1 1
1 1
1 1
1 1
1 1
1 1
# P9
1 4
1 1 1 1
# P10
1 2
1 1
# P11
1 1
1
# P12
4 3
1 1 1
1 1 1
1 1 1
1 1 1
# P13
1 3
1 1 1
# P14
1 4
1 1 1 1
# P15
2 8
1 1 1 1 1 1 1 1
1 1 1 1 1 1 1 1
# P16
4 1
1
1
1
1
# P17
2 3
1 1 1
0 1 0
# P18
2 2
1 1
1 1
# P19
1 4
1 1 1 1
# P20
3 2
0 1
0 1
1 1
# P21
2 3
1 1 1
1 0 0
# P22
2 3
0 1 0
1 1 1
# P23
2 2
1 1
1 1
# P24
3 3
0 1 0
1 1 1
0 1 0
# P25
1 4
1 1 1 1
# P26
2 2
1 1
1 0
# P27
3 1
1
1
1
# P28
3 3
1 1 0
1 1 1
0 1 0
# P29
2 2
1 1
1 1
# P30
1 3
1 1 1
# P31
3 3
1 1 1
1 1 0
1 0 0
# P32
1 3
1 1 1
# P33
2 5
1 0 0 0 1
1 1 1 1 1
# P34
2 4
0 1 0 0
1 1 1 1
# P35
4 3
1 1 1
1 0 1
1 0 1
0 0 1
# P36
4 4
1 1 1 1
0 1 1 1
0 1 0 1
0 0 0 1
# P37
4 3
1 0 0
1 1 1
1 0 0
1 0 0
# P38
1 4
1 1 1 1
# P39
6 10
1 1 1 1 1 1 1 1 1 1
0 0 0 0 0 0 0 1 1 1
1 1 1 1 1 1 1 1 1 0
0 0 0 0 0 1 1 1 1 1
1 1 1 1 1 1 1 1 1 1
0 0 0 0 1 0 0 1 0 1
# P40
6 6
1 1 1 0 0 1
0 0 1 1 1 1
1 1 1 1 0 1
1 1 1 1 1 1
1 1 1 0 0 0
1 1 1 1 1 1
# P41
3 2
1 0
1 1
1 1
# P42
5 6
1 1 1 1 1 1
0 0 0 0 0 1
1 1 1 1 1 1
1 1 1 1 0 0
1 1 0 0 0 0
